112 1 474 119 524 237 -1 -1 -1 -1 
113 1 477 119 526 234 -1 -1 -1 -1 
113 2 535 141 569 216 -1 -1 -1 -1 
114 1 479 120 527 231 -1 -1 -1 -1 
114 2 534 142 567 214 -1 -1 -1 -1 
114 3 564 134 593 221 -1 -1 -1 -1 
115 1 481 120 529 232 -1 -1 -1 -1 
115 2 533 143 565 214 -1 -1 -1 -1 
115 3 563 134 591 219 -1 -1 -1 -1 
116 1 485 121 532 231 -1 -1 -1 -1 
116 2 531 143 564 215 -1 -1 -1 -1 
116 3 562 135 590 218 -1 -1 -1 -1 
117 1 489 121 537 233 -1 -1 -1 -1 
117 2 530 144 562 214 -1 -1 -1 -1 
117 3 559 135 587 219 -1 -1 -1 -1 
118 1 490 122 538 235 -1 -1 -1 -1 
118 2 530 144 562 216 -1 -1 -1 -1 
118 3 557 135 586 219 -1 -1 -1 -1 
118 6 29 90 107 300 -1 -1 -1 -1 
118 7 110 136 151 209 -1 -1 -1 -1 
118 8 267 150 292 214 -1 -1 -1 -1 
119 1 492 121 541 236 -1 -1 -1 -1 
119 2 529 144 560 216 -1 -1 -1 -1 
119 3 555 136 584 219 -1 -1 -1 -1 
119 6 21 90 102 308 -1 -1 -1 -1 
119 7 117 137 157 210 -1 -1 -1 -1 
119 8 268 149 291 206 -1 -1 -1 -1 
119 9 600 156 628 213 -1 -1 -1 -1 
119 10 306 156 324 202 -1 -1 -1 -1 
120 1 494 121 543 238 -1 -1 -1 -1 
120 3 553 136 581 217 -1 -1 -1 -1 
120 6 16 90 96 306 -1 -1 -1 -1 
120 7 123 140 162 211 -1 -1 -1 -1 
120 8 268 149 291 204 -1 -1 -1 -1 
120 9 600 157 626 211 -1 -1 -1 -1 
120 10 305 156 323 202 -1 -1 -1 -1 
120 11 388 168 414 217 -1 -1 -1 -1 
121 1 497 119 547 239 -1 -1 -1 -1 
121 3 553 136 580 216 -1 -1 -1 -1 
121 6 8 89 93 315 -1 -1 -1 -1 
121 7 125 140 165 211 -1 -1 -1 -1 
121 8 267 149 291 208 -1 -1 -1 -1 
121 9 598 156 624 210 -1 -1 -1 -1 
121 10 305 156 323 203 -1 -1 -1 -1 
121 11 389 168 415 217 -1 -1 -1 -1 
121 12 108 142 130 202 -1 -1 -1 -1 
122 1 501 119 551 239 -1 -1 -1 -1 
122 3 552 136 579 211 -1 -1 -1 -1 
122 6 2 88 90 323 -1 -1 -1 -1 
122 7 127 141 167 213 -1 -1 -1 -1 
122 8 267 149 290 207 -1 -1 -1 -1 
122 9 598 156 624 209 -1 -1 -1 -1 
122 10 304 156 322 203 -1 -1 -1 -1 
122 11 390 167 417 217 -1 -1 -1 -1 
122 12 108 142 130 201 -1 -1 -1 -1 
122 13 342 151 355 190 -1 -1 -1 -1 
123 1 506 119 555 237 -1 -1 -1 -1 
123 3 551 135 578 212 -1 -1 -1 -1 
123 6 0 87 88 327 -1 -1 -1 -1 
123 7 129 143 168 213 -1 -1 -1 -1 
123 8 266 149 289 206 -1 -1 -1 -1 
123 10 304 156 322 203 -1 -1 -1 -1 
123 11 390 165 419 218 -1 -1 -1 -1 
123 12 109 143 129 200 -1 -1 -1 -1 
123 13 341 148 356 190 -1 -1 -1 -1 
123 14 471 153 494 198 -1 -1 -1 -1 
124 1 512 119 560 238 -1 -1 -1 -1 
124 3 551 135 577 210 -1 -1 -1 -1 
124 6 0 87 85 318 -1 -1 -1 -1 
124 7 130 144 168 213 -1 -1 -1 -1 
124 8 267 148 289 201 -1 -1 -1 -1 
124 10 304 156 321 202 -1 -1 -1 -1 
124 11 392 165 419 215 -1 -1 -1 -1 
124 12 109 143 130 199 -1 -1 -1 -1 
124 13 341 147 357 192 -1 -1 -1 -1 
124 14 470 153 493 198 -1 -1 -1 -1 
125 1 512 119 561 238 -1 -1 -1 -1 
125 3 550 135 576 210 -1 -1 -1 -1 
125 6 0 86 84 314 -1 -1 -1 -1 
125 7 132 146 167 210 -1 -1 -1 -1 
125 8 266 147 289 201 -1 -1 -1 -1 
125 10 304 154 321 202 -1 -1 -1 -1 
125 11 393 165 420 215 -1 -1 -1 -1 
125 12 110 143 130 198 -1 -1 -1 -1 
125 13 340 146 357 193 -1 -1 -1 -1 
125 14 469 152 492 198 -1 -1 -1 -1 
126 1 503 116 550 237 -1 -1 -1 -1 
126 3 548 134 575 213 -1 -1 -1 -1 
126 6 0 86 83 314 -1 -1 -1 -1 
126 7 137 148 168 208 -1 -1 -1 -1 
126 8 265 147 289 202 -1 -1 -1 -1 
126 10 304 154 321 201 -1 -1 -1 -1 
126 11 393 162 421 215 -1 -1 -1 -1 
126 12 111 143 130 198 -1 -1 -1 -1 
126 13 340 145 357 193 -1 -1 -1 -1 
126 14 469 152 492 198 -1 -1 -1 -1 
127 1 501 115 545 232 -1 -1 -1 -1 
127 3 537 124 571 225 -1 -1 -1 -1 
127 6 0 83 80 317 -1 -1 -1 -1 
127 7 141 147 170 205 -1 -1 -1 -1 
127 8 265 146 289 202 -1 -1 -1 -1 
127 9 611 144 639 205 -1 -1 -1 -1 
127 10 303 154 321 201 -1 -1 -1 -1 
127 11 391 155 423 216 -1 -1 -1 -1 
127 12 111 144 130 197 -1 -1 -1 -1 
127 13 340 145 357 193 -1 -1 -1 -1 
127 14 468 152 491 199 -1 -1 -1 -1 
128 1 502 114 544 229 -1 -1 -1 -1 
128 3 531 119 569 232 -1 -1 -1 -1 
128 6 0 81 79 326 -1 -1 -1 -1 
128 7 150 153 177 206 -1 -1 -1 -1 
128 8 264 145 288 201 -1 -1 -1 -1 
128 9 611 143 639 208 -1 -1 -1 -1 
128 10 303 155 320 200 -1 -1 -1 -1 
128 11 389 145 426 216 -1 -1 -1 -1 
128 12 111 144 131 197 -1 -1 -1 -1 
128 13 340 144 357 193 -1 -1 -1 -1 
128 14 468 153 489 199 -1 -1 -1 -1 
128 16 135 152 147 188 -1 -1 -1 -1 
129 1 503 113 544 228 -1 -1 -1 -1 
129 3 529 116 569 233 -1 -1 -1 -1 
129 6 0 80 76 331 -1 -1 -1 -1 
129 7 149 148 178 207 -1 -1 -1 -1 
129 8 264 146 288 202 -1 -1 -1 -1 
129 9 612 143 639 208 -1 -1 -1 -1 
129 10 303 155 320 200 -1 -1 -1 -1 
129 11 389 141 427 218 -1 -1 -1 -1 
129 12 111 145 131 197 -1 -1 -1 -1 
129 13 340 144 357 193 -1 -1 -1 -1 
129 14 467 153 489 200 -1 -1 -1 -1 
129 16 136 153 147 187 -1 -1 -1 -1 
130 1 505 112 546 229 -1 -1 -1 -1 
130 3 532 115 572 233 -1 -1 -1 -1 
130 6 0 79 72 336 -1 -1 -1 -1 
130 7 150 145 179 207 -1 -1 -1 -1 
130 8 264 146 288 202 -1 -1 -1 -1 
130 9 612 144 639 209 -1 -1 -1 -1 
130 10 302 154 320 201 -1 -1 -1 -1 
130 11 389 138 429 221 -1 -1 -1 -1 
130 12 111 145 131 197 -1 -1 -1 -1 
130 13 340 144 357 193 -1 -1 -1 -1 
130 14 466 153 488 200 -1 -1 -1 -1 
130 16 136 153 147 187 -1 -1 -1 -1 
131 1 508 112 548 230 -1 -1 -1 -1 
131 3 533 117 573 233 -1 -1 -1 -1 
131 6 0 79 69 338 -1 -1 -1 -1 
131 7 151 145 181 206 -1 -1 -1 -1 
131 8 264 147 288 202 -1 -1 -1 -1 
131 9 609 144 639 210 -1 -1 -1 -1 
131 10 302 153 320 201 -1 -1 -1 -1 
131 11 390 137 430 221 -1 -1 -1 -1 
131 12 112 145 131 197 -1 -1 -1 -1 
131 13 340 144 357 193 -1 -1 -1 -1 
131 14 466 152 489 202 -1 -1 -1 -1 
131 16 136 153 147 187 -1 -1 -1 -1 
131 19 484 151 505 197 -1 -1 -1 -1 
131 20 586 155 610 212 -1 -1 -1 -1 
132 1 511 112 551 231 -1 -1 -1 -1 
132 3 535 116 576 235 -1 -1 -1 -1 
132 6 0 78 66 342 -1 -1 -1 -1 
132 7 154 141 184 206 -1 -1 -1 -1 
132 8 263 146 289 204 -1 -1 -1 -1 
132 9 606 145 638 212 -1 -1 -1 -1 
132 10 302 151 320 201 -1 -1 -1 -1 
132 11 390 135 431 224 -1 -1 -1 -1 
132 12 112 146 131 197 -1 -1 -1 -1 
132 13 341 145 357 192 -1 -1 -1 -1 
132 14 465 152 488 203 -1 -1 -1 -1 
132 16 135 153 147 187 -1 -1 -1 -1 
132 19 488 152 508 197 -1 -1 -1 -1 
132 20 586 155 610 212 -1 -1 -1 -1 
133 1 514 112 553 230 -1 -1 -1 -1 
133 3 536 116 578 236 -1 -1 -1 -1 
133 6 0 79 61 339 -1 -1 -1 -1 
133 7 156 145 184 206 -1 -1 -1 -1 
133 8 264 148 288 202 -1 -1 -1 -1 
133 9 604 145 636 211 -1 -1 -1 -1 
133 10 301 151 319 201 -1 -1 -1 -1 
133 11 391 134 432 224 -1 -1 -1 -1 
133 12 112 146 131 196 -1 -1 -1 -1 
133 13 341 145 357 192 -1 -1 -1 -1 
133 14 466 152 488 201 -1 -1 -1 -1 
133 16 135 153 147 187 -1 -1 -1 -1 
133 19 489 152 509 198 -1 -1 -1 -1 
133 20 586 156 609 212 -1 -1 -1 -1 
133 22 330 148 345 193 -1 -1 -1 -1 
134 1 515 112 554 230 -1 -1 -1 -1 
134 3 538 116 580 237 -1 -1 -1 -1 
134 6 0 80 56 337 -1 -1 -1 -1 
134 7 157 142 186 206 -1 -1 -1 -1 
134 8 263 146 288 203 -1 -1 -1 -1 
134 9 602 144 633 211 -1 -1 -1 -1 
134 10 301 150 319 200 -1 -1 -1 -1 
134 11 392 134 433 225 -1 -1 -1 -1 
134 12 112 146 132 196 -1 -1 -1 -1 
134 13 341 145 358 193 -1 -1 -1 -1 
134 14 465 152 486 199 -1 -1 -1 -1 
134 16 135 154 147 187 -1 -1 -1 -1 
134 19 491 152 509 196 -1 -1 -1 -1 
134 20 583 156 604 208 -1 -1 -1 -1 
134 22 331 148 345 193 -1 -1 -1 -1 
135 1 518 114 556 228 -1 -1 -1 -1 
135 3 539 116 583 238 -1 -1 -1 -1 
135 6 0 87 51 328 -1 -1 -1 -1 
135 7 160 142 188 206 -1 -1 -1 -1 
135 8 263 146 288 203 -1 -1 -1 -1 
135 9 600 144 630 209 -1 -1 -1 -1 
135 10 301 150 319 199 -1 -1 -1 -1 
135 11 393 134 433 227 -1 -1 -1 -1 
135 12 112 146 132 196 -1 -1 -1 -1 
135 14 465 152 485 198 -1 -1 -1 -1 
135 16 135 154 147 186 -1 -1 -1 -1 
135 19 492 152 511 196 -1 -1 -1 -1 
135 20 582 157 603 207 -1 -1 -1 -1 
135 22 330 148 345 194 -1 -1 -1 -1 
136 1 520 114 558 228 -1 -1 -1 -1 
136 2 505 145 530 201 -1 -1 -1 -1 
136 3 540 115 585 239 -1 -1 -1 -1 
136 6 0 95 45 315 -1 -1 -1 -1 
136 7 163 143 191 206 -1 -1 -1 -1 
136 8 262 146 287 202 -1 -1 -1 -1 
136 9 599 143 630 208 -1 -1 -1 -1 
136 10 300 150 318 198 -1 -1 -1 -1 
136 11 395 134 433 223 -1 -1 -1 -1 
136 12 113 146 132 196 -1 -1 -1 -1 
136 14 464 152 485 199 -1 -1 -1 -1 
136 16 135 154 147 187 -1 -1 -1 -1 
136 20 581 158 601 206 -1 -1 -1 -1 
136 22 331 148 345 193 -1 -1 -1 -1 
136 23 376 146 394 198 -1 -1 -1 -1 
137 2 502 145 527 199 -1 -1 -1 -1 
137 3 543 116 589 241 -1 -1 -1 -1 
137 6 0 103 40 307 -1 -1 -1 -1 
137 7 165 141 194 206 -1 -1 -1 -1 
137 8 262 145 287 201 -1 -1 -1 -1 
137 10 301 152 318 198 -1 -1 -1 -1 
137 11 397 135 433 220 -1 -1 -1 -1 
137 12 113 147 132 196 -1 -1 -1 -1 
137 14 464 152 484 199 -1 -1 -1 -1 
137 16 135 154 147 187 -1 -1 -1 -1 
137 22 331 150 345 193 -1 -1 -1 -1 
137 23 376 145 393 198 -1 -1 -1 -1 
138 2 500 145 524 198 -1 -1 -1 -1 
138 3 545 117 593 243 -1 -1 -1 -1 
138 6 0 107 36 303 -1 -1 -1 -1 
138 7 165 141 195 208 -1 -1 -1 -1 
138 8 261 145 286 201 -1 -1 -1 -1 
138 10 300 152 318 199 -1 -1 -1 -1 
138 11 398 135 433 218 -1 -1 -1 -1 
138 12 113 147 133 197 -1 -1 -1 -1 
138 14 463 152 484 199 -1 -1 -1 -1 
138 16 135 154 147 188 -1 -1 -1 -1 
138 19 476 151 496 199 -1 -1 -1 -1 
138 22 332 150 345 193 -1 -1 -1 -1 
138 23 375 146 393 198 -1 -1 -1 -1 
138 24 581 76 635 277 -1 -1 -1 -1 
139 2 497 146 523 202 -1 -1 -1 -1 
139 3 533 114 581 242 -1 -1 -1 -1 
139 6 0 105 32 305 -1 -1 -1 -1 
139 7 168 143 196 206 -1 -1 -1 -1 
139 8 261 144 286 200 -1 -1 -1 -1 
139 10 300 152 318 199 -1 -1 -1 -1 
139 11 400 135 435 218 -1 -1 -1 -1 
139 12 114 147 133 197 -1 -1 -1 -1 
139 13 346 145 361 191 -1 -1 -1 -1 
139 14 463 152 483 199 -1 -1 -1 -1 
139 16 135 154 147 188 -1 -1 -1 -1 
139 19 475 151 494 199 -1 -1 -1 -1 
139 22 332 151 345 193 -1 -1 -1 -1 
139 23 375 146 392 198 -1 -1 -1 -1 
139 24 580 76 635 277 -1 -1 -1 -1 
140 2 494 146 521 204 -1 -1 -1 -1 
140 3 531 111 580 241 -1 -1 -1 -1 
140 6 0 107 30 304 -1 -1 -1 -1 
140 7 171 143 198 204 -1 -1 -1 -1 
140 8 261 143 286 200 -1 -1 -1 -1 
140 10 300 152 317 200 -1 -1 -1 -1 
140 11 401 134 436 218 -1 -1 -1 -1 
140 12 114 147 133 197 -1 -1 -1 -1 
140 13 347 145 362 191 -1 -1 -1 -1 
140 14 464 153 482 198 -1 -1 -1 -1 
140 16 135 154 147 187 -1 -1 -1 -1 
140 19 474 151 492 197 -1 -1 -1 -1 
140 22 332 151 346 192 -1 -1 -1 -1 
140 23 375 147 392 199 -1 -1 -1 -1 
140 24 577 78 632 280 -1 -1 -1 -1 
140 25 206 158 214 179 -1 -1 -1 -1 
141 1 523 137 546 207 -1 -1 -1 -1 
141 2 492 145 520 206 -1 -1 -1 -1 
141 3 533 110 582 240 -1 -1 -1 -1 
141 7 173 143 199 204 -1 -1 -1 -1 
141 8 262 143 286 199 -1 -1 -1 -1 
141 10 298 152 316 200 -1 -1 -1 -1 
141 11 402 133 437 218 -1 -1 -1 -1 
141 12 114 147 134 196 -1 -1 -1 -1 
141 13 347 145 362 190 -1 -1 -1 -1 
141 14 465 153 483 197 -1 -1 -1 -1 
141 16 135 154 147 187 -1 -1 -1 -1 
141 19 473 151 491 197 -1 -1 -1 -1 
141 22 332 151 346 192 -1 -1 -1 -1 
141 23 374 147 392 198 -1 -1 -1 -1 
141 24 576 79 632 281 -1 -1 -1 -1 
141 25 206 158 214 179 -1 -1 -1 -1 
142 1 522 139 544 204 -1 -1 -1 -1 
142 2 490 145 519 207 -1 -1 -1 -1 
142 3 532 108 582 241 -1 -1 -1 -1 
142 7 175 143 201 203 -1 -1 -1 -1 
142 8 262 143 286 199 -1 -1 -1 -1 
142 10 298 151 316 200 -1 -1 -1 -1 
142 11 403 133 438 218 -1 -1 -1 -1 
142 12 114 147 134 196 -1 -1 -1 -1 
142 13 348 146 362 189 -1 -1 -1 -1 
142 14 463 153 482 199 -1 -1 -1 -1 
142 16 135 154 147 187 -1 -1 -1 -1 
142 19 473 151 490 197 -1 -1 -1 -1 
142 22 332 150 347 194 -1 -1 -1 -1 
142 23 374 148 392 198 -1 -1 -1 -1 
142 24 569 77 627 279 -1 -1 -1 -1 
142 25 206 158 214 178 -1 -1 -1 -1 
143 1 522 140 543 202 -1 -1 -1 -1 
143 2 489 144 518 207 -1 -1 -1 -1 
143 7 178 146 202 203 -1 -1 -1 -1 
143 8 262 144 286 199 -1 -1 -1 -1 
143 10 297 149 315 198 -1 -1 -1 -1 
143 11 406 132 440 218 -1 -1 -1 -1 
143 12 115 147 134 196 -1 -1 -1 -1 
143 13 348 146 362 189 -1 -1 -1 -1 
143 14 462 153 481 200 -1 -1 -1 -1 
143 16 135 154 147 187 -1 -1 -1 -1 
143 19 472 151 489 197 -1 -1 -1 -1 
143 22 332 149 348 195 -1 -1 -1 -1 
143 23 374 148 391 198 -1 -1 -1 -1 
143 24 563 79 622 276 -1 -1 -1 -1 
143 25 207 158 214 179 -1 -1 -1 -1 
143 26 246 157 255 181 -1 -1 -1 -1 
144 1 522 139 543 200 -1 -1 -1 -1 
144 2 489 144 517 207 -1 -1 -1 -1 
144 7 179 147 203 203 -1 -1 -1 -1 
144 8 262 144 286 198 -1 -1 -1 -1 
144 10 297 148 315 198 -1 -1 -1 -1 
144 11 408 131 442 219 -1 -1 -1 -1 
144 12 116 148 134 196 -1 -1 -1 -1 
144 13 348 145 362 189 -1 -1 -1 -1 
144 14 460 152 480 200 -1 -1 -1 -1 
144 16 135 154 147 187 -1 -1 -1 -1 
144 19 471 151 488 198 -1 -1 -1 -1 
144 22 332 148 349 196 -1 -1 -1 -1 
144 23 374 148 391 198 -1 -1 -1 -1 
144 24 559 77 620 276 -1 -1 -1 -1 
144 26 246 157 255 181 -1 -1 -1 -1 
145 1 521 139 542 200 -1 -1 -1 -1 
145 2 488 144 517 207 -1 -1 -1 -1 
145 7 181 143 204 200 -1 -1 -1 -1 
145 8 261 143 286 199 -1 -1 -1 -1 
145 10 297 149 315 197 -1 -1 -1 -1 
145 11 408 130 443 220 -1 -1 -1 -1 
145 12 116 149 134 196 -1 -1 -1 -1 
145 13 348 145 363 191 -1 -1 -1 -1 
145 14 459 152 479 200 -1 -1 -1 -1 
145 16 136 154 147 186 -1 -1 -1 -1 
145 22 332 148 349 196 -1 -1 -1 -1 
145 23 374 148 391 198 -1 -1 -1 -1 
145 24 558 78 622 279 -1 -1 -1 -1 
145 26 246 157 255 181 -1 -1 -1 -1 
146 1 519 139 541 202 -1 -1 -1 -1 
146 2 488 144 517 207 -1 -1 -1 -1 
146 7 182 142 206 201 -1 -1 -1 -1 
146 8 262 144 286 199 -1 -1 -1 -1 
146 10 296 148 314 197 -1 -1 -1 -1 
146 11 409 130 444 221 -1 -1 -1 -1 
146 12 116 149 135 195 -1 -1 -1 -1 
146 13 348 145 363 191 -1 -1 -1 -1 
146 14 458 151 479 200 -1 -1 -1 -1 
146 16 135 153 148 186 -1 -1 -1 -1 
146 22 332 148 349 196 -1 -1 -1 -1 
146 23 373 148 391 197 -1 -1 -1 -1 
146 24 556 79 618 267 -1 -1 -1 -1 
146 26 247 156 257 181 -1 -1 -1 -1 
147 1 518 139 540 203 -1 -1 -1 -1 
147 2 488 144 517 207 -1 -1 -1 -1 
147 7 183 142 207 201 -1 -1 -1 -1 
147 8 262 145 286 199 -1 -1 -1 -1 
147 10 295 147 314 197 -1 -1 -1 -1 
147 11 412 131 447 221 -1 -1 -1 -1 
147 12 117 149 135 196 -1 -1 -1 -1 
147 13 348 145 363 191 -1 -1 -1 -1 
147 14 459 151 479 200 -1 -1 -1 -1 
147 16 136 153 148 186 -1 -1 -1 -1 
147 22 333 148 350 196 -1 -1 -1 -1 
147 23 373 148 390 197 -1 -1 -1 -1 
147 24 542 79 608 270 -1 -1 -1 -1 
147 26 247 156 257 181 -1 -1 -1 -1 
148 1 515 139 538 206 -1 -1 -1 -1 
148 2 486 145 515 207 -1 -1 -1 -1 
148 7 184 142 208 201 -1 -1 -1 -1 
148 8 262 145 286 200 -1 -1 -1 -1 
148 10 295 146 314 197 -1 -1 -1 -1 
148 11 413 131 448 222 -1 -1 -1 -1 
148 12 117 149 136 195 -1 -1 -1 -1 
148 13 349 145 364 192 -1 -1 -1 -1 
148 14 458 150 479 200 -1 -1 -1 -1 
148 16 136 153 148 186 -1 -1 -1 -1 
148 22 333 148 351 197 -1 -1 -1 -1 
148 23 373 148 390 197 -1 -1 -1 -1 
148 24 535 80 602 270 -1 -1 -1 -1 
148 26 247 156 257 180 -1 -1 -1 -1 
149 1 514 139 537 206 -1 -1 -1 -1 
149 2 485 145 515 209 -1 -1 -1 -1 
149 7 185 142 208 200 -1 -1 -1 -1 
149 8 262 145 286 198 -1 -1 -1 -1 
149 10 294 145 314 198 -1 -1 -1 -1 
149 11 415 131 450 222 -1 -1 -1 -1 
149 12 117 148 136 195 -1 -1 -1 -1 
149 13 349 146 364 192 -1 -1 -1 -1 
149 14 459 151 480 200 -1 -1 -1 -1 
149 16 136 153 148 186 -1 -1 -1 -1 
149 22 333 147 351 196 -1 -1 -1 -1 
149 23 373 148 390 197 -1 -1 -1 -1 
149 24 529 82 598 277 -1 -1 -1 -1 
149 26 247 156 257 181 -1 -1 -1 -1 
149 29 401 153 416 197 -1 -1 -1 -1 
150 2 483 147 513 209 -1 -1 -1 -1 
150 3 587 111 637 248 -1 -1 -1 -1 
150 7 189 146 212 201 -1 -1 -1 -1 
150 8 262 143 286 198 -1 -1 -1 -1 
150 10 294 144 314 197 -1 -1 -1 -1 
150 11 416 131 451 223 -1 -1 -1 -1 
150 12 118 148 136 194 -1 -1 -1 -1 
150 13 350 146 365 192 -1 -1 -1 -1 
150 14 463 151 483 200 -1 -1 -1 -1 
150 16 136 153 148 186 -1 -1 -1 -1 
150 22 334 146 352 196 -1 -1 -1 -1 
150 23 373 148 390 197 -1 -1 -1 -1 
150 24 519 84 589 277 -1 -1 -1 -1 
150 26 247 156 257 181 -1 -1 -1 -1 
150 29 401 153 416 197 -1 -1 -1 -1 
151 2 482 147 512 209 -1 -1 -1 -1 
151 3 587 110 638 247 -1 -1 -1 -1 
151 7 191 147 215 203 -1 -1 -1 -1 
151 8 262 143 286 197 -1 -1 -1 -1 
151 10 293 144 313 196 -1 -1 -1 -1 
151 11 418 131 453 224 -1 -1 -1 -1 
151 12 119 148 137 194 -1 -1 -1 -1 
151 13 350 146 365 192 -1 -1 -1 -1 
151 14 465 151 485 200 -1 -1 -1 -1 
151 16 137 153 148 185 -1 -1 -1 -1 
151 22 334 145 353 196 -1 -1 -1 -1 
151 23 373 148 389 197 -1 -1 -1 -1 
151 24 512 86 582 271 -1 -1 -1 -1 
151 26 247 156 257 181 -1 -1 -1 -1 
152 2 481 148 511 209 -1 -1 -1 -1 
152 3 587 110 638 246 -1 -1 -1 -1 
152 7 191 147 216 203 -1 -1 -1 -1 
152 8 262 143 286 197 -1 -1 -1 -1 
152 10 293 145 312 196 -1 -1 -1 -1 
152 11 418 130 455 225 -1 -1 -1 -1 
152 12 120 148 138 194 -1 -1 -1 -1 
152 13 351 146 366 193 -1 -1 -1 -1 
152 14 463 151 482 198 -1 -1 -1 -1 
152 16 137 154 149 185 -1 -1 -1 -1 
152 22 335 145 354 196 -1 -1 -1 -1 
152 23 372 148 389 196 -1 -1 -1 -1 
152 24 506 90 576 268 -1 -1 -1 -1 
152 26 247 156 257 181 -1 -1 -1 -1 
152 29 396 153 412 197 -1 -1 -1 -1 
153 3 579 109 632 248 -1 -1 -1 -1 
153 7 192 147 218 204 -1 -1 -1 -1 
153 8 262 142 287 197 -1 -1 -1 -1 
153 10 294 146 312 195 -1 -1 -1 -1 
153 11 419 129 456 225 -1 -1 -1 -1 
153 12 120 148 138 194 -1 -1 -1 -1 
153 13 351 146 366 193 -1 -1 -1 -1 
153 14 462 151 481 197 -1 -1 -1 -1 
153 16 138 154 149 185 -1 -1 -1 -1 
153 22 335 144 354 196 -1 -1 -1 -1 
153 23 373 148 389 196 -1 -1 -1 -1 
153 24 503 92 574 265 -1 -1 -1 -1 
153 26 247 156 257 180 -1 -1 -1 -1 
153 29 396 152 412 196 -1 -1 -1 -1 
154 3 577 108 631 248 -1 -1 -1 -1 
154 7 190 148 214 204 -1 -1 -1 -1 
154 8 262 142 287 197 -1 -1 -1 -1 
154 10 293 148 312 196 -1 -1 -1 -1 
154 11 419 130 457 226 -1 -1 -1 -1 
154 12 120 148 138 194 -1 -1 -1 -1 
154 13 350 144 366 194 -1 -1 -1 -1 
154 14 463 151 483 199 -1 -1 -1 -1 
154 16 138 155 149 184 -1 -1 -1 -1 
154 22 335 144 354 195 -1 -1 -1 -1 
154 23 373 148 389 196 -1 -1 -1 -1 
154 24 501 96 573 266 -1 -1 -1 -1 
154 26 247 156 257 181 -1 -1 -1 -1 
154 29 397 151 412 196 -1 -1 -1 -1 
155 3 578 106 634 248 -1 -1 -1 -1 
155 7 191 149 214 203 -1 -1 -1 -1 
155 8 262 142 286 197 -1 -1 -1 -1 
155 10 293 149 311 196 -1 -1 -1 -1 
155 11 420 130 457 227 -1 -1 -1 -1 
155 12 120 148 138 194 -1 -1 -1 -1 
155 13 350 143 366 194 -1 -1 -1 -1 
155 14 461 150 480 199 -1 -1 -1 -1 
155 16 139 155 149 184 -1 -1 -1 -1 
155 22 335 144 354 195 -1 -1 -1 -1 
155 23 373 148 389 195 -1 -1 -1 -1 
155 24 490 94 563 263 -1 -1 -1 -1 
155 26 247 157 257 181 -1 -1 -1 -1 
155 29 396 151 412 196 -1 -1 -1 -1 
156 3 581 105 637 248 -1 -1 -1 -1 
156 7 195 149 216 200 -1 -1 -1 -1 
156 8 262 143 286 198 -1 -1 -1 -1 
156 9 561 144 586 202 -1 -1 -1 -1 
156 10 293 150 310 196 -1 -1 -1 -1 
156 11 419 130 458 227 -1 -1 -1 -1 
156 12 120 148 138 194 -1 -1 -1 -1 
156 13 350 143 366 195 -1 -1 -1 -1 
156 14 459 150 478 200 -1 -1 -1 -1 
156 16 139 156 150 183 -1 -1 -1 -1 
156 22 335 144 355 195 -1 -1 -1 -1 
156 23 373 148 389 195 -1 -1 -1 -1 
156 24 484 95 557 262 -1 -1 -1 -1 
156 25 209 156 226 201 -1 -1 -1 -1 
156 26 247 157 256 181 -1 -1 -1 -1 
157 3 583 104 639 248 -1 -1 -1 -1 
157 7 203 152 224 201 -1 -1 -1 -1 
157 8 262 143 286 198 -1 -1 -1 -1 
157 9 560 144 586 202 -1 -1 -1 -1 
157 10 293 150 310 196 -1 -1 -1 -1 
157 11 421 129 459 227 -1 -1 -1 -1 
157 12 121 149 138 193 -1 -1 -1 -1 
157 13 350 142 367 195 -1 -1 -1 -1 
157 14 459 150 478 200 -1 -1 -1 -1 
157 16 140 156 150 184 -1 -1 -1 -1 
157 22 336 144 355 195 -1 -1 -1 -1 
157 23 373 148 389 195 -1 -1 -1 -1 
157 24 480 95 553 260 -1 -1 -1 -1 
157 25 209 155 227 203 -1 -1 -1 -1 
157 26 247 157 257 181 -1 -1 -1 -1 
157 29 397 151 412 196 -1 -1 -1 -1 
158 3 586 104 639 246 -1 -1 -1 -1 
158 7 206 150 226 201 -1 -1 -1 -1 
158 8 262 143 286 198 -1 -1 -1 -1 
158 9 559 144 585 202 -1 -1 -1 -1 
158 10 292 150 309 196 -1 -1 -1 -1 
158 11 421 129 459 227 -1 -1 -1 -1 
158 12 121 149 138 193 -1 -1 -1 -1 
158 13 352 142 369 195 -1 -1 -1 -1 
158 16 140 156 151 184 -1 -1 -1 -1 
158 22 336 145 355 196 -1 -1 -1 -1 
158 23 373 148 389 195 -1 -1 -1 -1 
158 24 472 95 544 259 -1 -1 -1 -1 
158 26 247 157 256 180 -1 -1 -1 -1 
158 29 396 151 412 196 -1 -1 -1 -1 
159 1 544 158 560 203 -1 -1 -1 -1 
159 3 587 103 639 243 -1 -1 -1 -1 
159 7 207 151 227 200 -1 -1 -1 -1 
159 8 262 143 286 197 -1 -1 -1 -1 
159 9 558 144 585 203 -1 -1 -1 -1 
159 10 292 150 309 197 -1 -1 -1 -1 
159 11 422 129 460 225 -1 -1 -1 -1 
159 12 121 149 138 193 -1 -1 -1 -1 
159 13 352 142 369 195 -1 -1 -1 -1 
159 16 141 156 151 183 -1 -1 -1 -1 
159 22 336 145 355 197 -1 -1 -1 -1 
159 23 372 148 389 195 -1 -1 -1 -1 
159 24 469 97 540 260 -1 -1 -1 -1 
159 26 247 157 256 180 -1 -1 -1 -1 
159 29 396 151 412 196 -1 -1 -1 -1 
160 1 543 159 561 204 -1 -1 -1 -1 
160 3 589 103 639 241 -1 -1 -1 -1 
160 7 207 148 229 201 -1 -1 -1 -1 
160 8 262 144 286 197 -1 -1 -1 -1 
160 9 557 144 584 205 -1 -1 -1 -1 
160 10 291 149 309 196 -1 -1 -1 -1 
160 11 423 128 460 226 -1 -1 -1 -1 
160 12 121 150 139 193 -1 -1 -1 -1 
160 13 353 142 370 196 -1 -1 -1 -1 
160 16 142 156 151 183 -1 -1 -1 -1 
160 22 336 145 356 197 -1 -1 -1 -1 
160 23 372 148 389 195 -1 -1 -1 -1 
160 24 466 95 538 259 -1 -1 -1 -1 
160 26 247 156 256 179 -1 -1 -1 -1 
160 29 396 151 412 196 -1 -1 -1 -1 
161 1 542 159 561 206 -1 -1 -1 -1 
161 3 592 103 639 239 -1 -1 -1 -1 
161 7 207 145 230 201 -1 -1 -1 -1 
161 8 262 144 286 197 -1 -1 -1 -1 
161 9 555 144 583 208 -1 -1 -1 -1 
161 10 291 148 309 196 -1 -1 -1 -1 
161 11 424 127 462 226 -1 -1 -1 -1 
161 12 122 150 139 193 -1 -1 -1 -1 
161 13 354 142 371 196 -1 -1 -1 -1 
161 16 142 156 152 183 -1 -1 -1 -1 
161 22 336 145 356 198 -1 -1 -1 -1 
161 23 372 147 389 195 -1 -1 -1 -1 
161 24 461 95 532 261 -1 -1 -1 -1 
161 26 247 156 256 179 -1 -1 -1 -1 
161 29 397 151 412 196 -1 -1 -1 -1 
162 1 541 160 558 200 -1 -1 -1 -1 
162 3 594 101 639 237 -1 -1 -1 -1 
162 7 209 148 230 201 -1 -1 -1 -1 
162 8 262 144 286 196 -1 -1 -1 -1 
162 9 554 145 581 206 -1 -1 -1 -1 
162 10 291 146 308 195 -1 -1 -1 -1 
162 11 425 127 464 227 -1 -1 -1 -1 
162 12 122 150 139 193 -1 -1 -1 -1 
162 13 354 142 371 196 -1 -1 -1 -1 
162 16 142 156 152 183 -1 -1 -1 -1 
162 22 336 145 356 198 -1 -1 -1 -1 
162 23 372 147 389 195 -1 -1 -1 -1 
162 24 457 95 526 260 -1 -1 -1 -1 
162 26 247 156 256 179 -1 -1 -1 -1 
162 29 397 151 412 195 -1 -1 -1 -1 
163 1 540 160 557 199 -1 -1 -1 -1 
163 3 595 100 639 242 -1 -1 -1 -1 
163 7 212 151 231 200 -1 -1 -1 -1 
163 8 262 144 286 196 -1 -1 -1 -1 
163 9 552 147 579 207 -1 -1 -1 -1 
163 10 290 146 308 195 -1 -1 -1 -1 
163 11 427 127 466 227 -1 -1 -1 -1 
163 12 122 150 139 192 -1 -1 -1 -1 
163 13 354 142 371 196 -1 -1 -1 -1 
163 16 142 156 152 183 -1 -1 -1 -1 
163 22 336 145 356 198 -1 -1 -1 -1 
163 23 371 147 388 195 -1 -1 -1 -1 
163 24 455 95 522 260 -1 -1 -1 -1 
163 26 247 155 257 180 -1 -1 -1 -1 
163 29 396 151 412 195 -1 -1 -1 -1 
164 1 541 161 557 198 -1 -1 -1 -1 
164 2 509 145 536 204 -1 -1 -1 -1 
164 3 596 101 639 244 -1 -1 -1 -1 
164 7 213 153 232 200 -1 -1 -1 -1 
164 8 262 144 286 196 -1 -1 -1 -1 
164 9 551 147 578 209 -1 -1 -1 -1 
164 10 290 145 308 194 -1 -1 -1 -1 
164 11 427 127 466 227 -1 -1 -1 -1 
164 12 122 150 139 192 -1 -1 -1 -1 
164 13 354 142 372 197 -1 -1 -1 -1 
164 16 142 156 152 183 -1 -1 -1 -1 
164 22 337 145 357 197 -1 -1 -1 -1 
164 23 371 147 388 195 -1 -1 -1 -1 
164 24 453 96 520 261 -1 -1 -1 -1 
164 26 247 156 257 180 -1 -1 -1 -1 
164 29 396 151 411 195 -1 -1 -1 -1 
165 2 511 146 537 203 -1 -1 -1 -1 
165 3 597 100 639 244 -1 -1 -1 -1 
165 7 215 155 234 200 -1 -1 -1 -1 
165 8 262 143 286 196 -1 -1 -1 -1 
165 9 550 148 578 209 -1 -1 -1 -1 
165 10 290 145 308 194 -1 -1 -1 -1 
165 11 429 126 467 227 -1 -1 -1 -1 
165 12 123 150 140 192 -1 -1 -1 -1 
165 13 354 142 372 197 -1 -1 -1 -1 
165 16 143 156 152 182 -1 -1 -1 -1 
165 22 337 145 357 197 -1 -1 -1 -1 
165 23 370 147 388 195 -1 -1 -1 -1 
165 24 452 98 517 261 -1 -1 -1 -1 
165 26 248 156 257 180 -1 -1 -1 -1 
165 29 396 151 411 195 -1 -1 -1 -1 
166 2 513 148 537 202 -1 -1 -1 -1 
166 3 599 99 639 244 -1 -1 -1 -1 
166 7 216 155 235 200 -1 -1 -1 -1 
166 8 262 143 286 196 -1 -1 -1 -1 
166 9 549 148 577 208 -1 -1 -1 -1 
166 10 290 145 307 194 -1 -1 -1 -1 
166 11 430 126 469 227 -1 -1 -1 -1 
166 12 123 150 140 192 -1 -1 -1 -1 
166 13 354 142 372 198 -1 -1 -1 -1 
166 16 143 155 153 182 -1 -1 -1 -1 
166 22 338 144 358 197 -1 -1 -1 -1 
166 23 370 147 387 196 -1 -1 -1 -1 
166 24 446 102 510 260 -1 -1 -1 -1 
166 26 248 156 257 180 -1 -1 -1 -1 
166 29 395 151 411 196 -1 -1 -1 -1 
167 2 514 149 538 204 -1 -1 -1 -1 
167 3 604 99 639 227 -1 -1 -1 -1 
167 7 217 153 237 200 -1 -1 -1 -1 
167 8 262 143 286 196 -1 -1 -1 -1 
167 9 547 147 575 208 -1 -1 -1 -1 
167 10 289 145 307 194 -1 -1 -1 -1 
167 12 123 150 141 192 -1 -1 -1 -1 
167 13 354 142 372 198 -1 -1 -1 -1 
167 16 143 155 153 181 -1 -1 -1 -1 
167 22 338 144 358 197 -1 -1 -1 -1 
167 23 370 147 387 196 -1 -1 -1 -1 
167 24 441 103 504 258 -1 -1 -1 -1 
167 26 248 155 257 180 -1 -1 -1 -1 
167 29 395 151 410 196 -1 -1 -1 -1 
168 1 532 157 551 202 -1 -1 -1 -1 
168 2 515 150 538 205 -1 -1 -1 -1 
168 3 606 99 639 226 -1 -1 -1 -1 
168 7 217 153 238 200 -1 -1 -1 -1 
168 8 263 144 285 196 -1 -1 -1 -1 
168 9 546 146 574 206 -1 -1 -1 -1 
168 10 289 145 307 194 -1 -1 -1 -1 
168 12 123 150 141 192 -1 -1 -1 -1 
168 13 355 142 372 198 -1 -1 -1 -1 
168 16 144 155 153 181 -1 -1 -1 -1 
168 22 339 144 359 196 -1 -1 -1 -1 
168 23 370 147 387 196 -1 -1 -1 -1 
168 24 438 104 501 258 -1 -1 -1 -1 
168 26 248 155 257 179 -1 -1 -1 -1 
168 29 395 151 410 196 -1 -1 -1 -1 
169 1 531 157 550 202 -1 -1 -1 -1 
169 2 517 153 541 206 -1 -1 -1 -1 
169 7 219 153 239 200 -1 -1 -1 -1 
169 8 263 144 285 196 -1 -1 -1 -1 
169 9 545 148 571 206 -1 -1 -1 -1 
169 10 289 145 306 193 -1 -1 -1 -1 
169 12 124 150 141 192 -1 -1 -1 -1 
169 13 355 142 372 198 -1 -1 -1 -1 
169 16 144 155 154 181 -1 -1 -1 -1 
169 22 340 144 359 196 -1 -1 -1 -1 
169 23 369 148 387 196 -1 -1 -1 -1 
169 24 437 106 499 256 -1 -1 -1 -1 
169 26 248 155 257 179 -1 -1 -1 -1 
169 29 394 151 409 196 -1 -1 -1 -1 
170 2 517 151 542 206 -1 -1 -1 -1 
170 7 221 153 241 199 -1 -1 -1 -1 
170 8 263 144 285 196 -1 -1 -1 -1 
170 9 544 148 570 207 -1 -1 -1 -1 
170 10 289 145 306 193 -1 -1 -1 -1 
170 12 123 149 141 192 -1 -1 -1 -1 
170 13 355 142 373 199 -1 -1 -1 -1 
170 14 487 139 514 205 -1 -1 -1 -1 
170 16 144 155 154 181 -1 -1 -1 -1 
170 22 340 143 359 196 -1 -1 -1 -1 
170 23 370 148 386 195 -1 -1 -1 -1 
170 24 436 108 497 253 -1 -1 -1 -1 
170 26 248 155 257 179 -1 -1 -1 -1 
170 29 395 151 410 196 -1 -1 -1 -1 
171 2 519 151 544 206 -1 -1 -1 -1 
171 3 589 123 633 254 -1 -1 -1 -1 
171 7 223 153 243 199 -1 -1 -1 -1 
171 8 263 144 285 195 -1 -1 -1 -1 
171 9 543 147 570 207 -1 -1 -1 -1 
171 10 289 146 306 193 -1 -1 -1 -1 
171 12 123 149 140 192 -1 -1 -1 -1 
171 13 356 142 374 198 -1 -1 -1 -1 
171 14 487 139 515 206 -1 -1 -1 -1 
171 16 144 155 154 181 -1 -1 -1 -1 
171 22 340 144 359 195 -1 -1 -1 -1 
171 23 370 148 386 195 -1 -1 -1 -1 
171 24 434 107 496 255 -1 -1 -1 -1 
171 26 249 155 258 179 -1 -1 -1 -1 
171 29 395 151 410 197 -1 -1 -1 -1 
172 2 520 151 544 204 -1 -1 -1 -1 
172 3 588 125 632 256 -1 -1 -1 -1 
172 7 224 154 243 198 -1 -1 -1 -1 
172 8 263 144 286 195 -1 -1 -1 -1 
172 9 543 147 568 204 -1 -1 -1 -1 
172 10 289 147 305 193 -1 -1 -1 -1 
172 12 123 149 141 192 -1 -1 -1 -1 
172 13 357 142 374 197 -1 -1 -1 -1 
172 14 487 140 515 207 -1 -1 -1 -1 
172 16 143 155 153 181 -1 -1 -1 -1 
172 22 341 145 359 195 -1 -1 -1 -1 
172 23 369 148 386 195 -1 -1 -1 -1 
172 24 432 108 490 248 -1 -1 -1 -1 
172 26 249 155 258 179 -1 -1 -1 -1 
172 29 395 151 410 197 -1 -1 -1 -1 
173 2 521 151 544 203 -1 -1 -1 -1 
173 7 225 152 245 198 -1 -1 -1 -1 
173 8 263 144 286 195 -1 -1 -1 -1 
173 9 542 147 566 202 -1 -1 -1 -1 
173 10 289 148 305 193 -1 -1 -1 -1 
173 12 123 150 140 192 -1 -1 -1 -1 
173 13 357 142 374 197 -1 -1 -1 -1 
173 14 486 141 513 208 -1 -1 -1 -1 
173 16 144 155 153 181 -1 -1 -1 -1 
173 22 342 145 361 196 -1 -1 -1 -1 
173 23 369 148 386 196 -1 -1 -1 -1 
173 24 430 110 486 244 -1 -1 -1 -1 
173 29 395 151 410 196 -1 -1 -1 -1 
174 2 521 150 543 202 -1 -1 -1 -1 
174 7 227 151 245 195 -1 -1 -1 -1 
174 8 263 144 286 195 -1 -1 -1 -1 
174 9 540 147 564 201 -1 -1 -1 -1 
174 10 288 148 305 194 -1 -1 -1 -1 
174 12 123 151 140 192 -1 -1 -1 -1 
174 13 357 142 374 197 -1 -1 -1 -1 
174 14 484 140 511 206 -1 -1 -1 -1 
174 16 143 155 153 181 -1 -1 -1 -1 
174 22 342 144 361 197 -1 -1 -1 -1 
174 23 368 147 386 196 -1 -1 -1 -1 
174 24 428 109 482 240 -1 -1 -1 -1 
174 29 395 151 410 196 -1 -1 -1 -1 
175 2 521 150 543 202 -1 -1 -1 -1 
175 7 228 150 246 194 -1 -1 -1 -1 
175 8 264 144 285 195 -1 -1 -1 -1 
175 9 539 147 564 202 -1 -1 -1 -1 
175 10 288 149 305 194 -1 -1 -1 -1 
175 12 123 151 140 191 -1 -1 -1 -1 
175 13 357 143 373 196 -1 -1 -1 -1 
175 14 483 140 508 204 -1 -1 -1 -1 
175 16 143 156 153 182 -1 -1 -1 -1 
175 22 343 144 362 197 -1 -1 -1 -1 
175 23 368 146 386 196 -1 -1 -1 -1 
175 24 425 108 480 241 -1 -1 -1 -1 
175 29 395 151 410 195 -1 -1 -1 -1 
176 2 522 150 544 203 -1 -1 -1 -1 
176 7 229 150 247 195 -1 -1 -1 -1 
176 8 264 144 286 194 -1 -1 -1 -1 
176 9 538 147 563 203 -1 -1 -1 -1 
176 10 288 149 304 194 -1 -1 -1 -1 
176 11 450 123 491 235 -1 -1 -1 -1 
176 12 123 151 139 191 -1 -1 -1 -1 
176 13 358 143 374 197 -1 -1 -1 -1 
176 14 482 141 506 202 -1 -1 -1 -1 
176 16 143 156 153 182 -1 -1 -1 -1 
176 22 344 144 363 198 -1 -1 -1 -1 
176 23 368 145 386 197 -1 -1 -1 -1 
176 24 418 108 471 240 -1 -1 -1 -1 
176 29 395 152 410 195 -1 -1 -1 -1 
177 2 523 150 545 203 -1 -1 -1 -1 
177 7 229 149 248 196 -1 -1 -1 -1 
177 8 264 145 286 195 -1 -1 -1 -1 
177 9 537 148 563 204 -1 -1 -1 -1 
177 10 288 149 304 194 -1 -1 -1 -1 
177 11 454 124 493 233 -1 -1 -1 -1 
177 12 123 151 139 191 -1 -1 -1 -1 
177 13 358 143 375 197 -1 -1 -1 -1 
177 14 481 136 506 203 -1 -1 -1 -1 
177 22 344 144 364 200 -1 -1 -1 -1 
177 23 368 144 387 197 -1 -1 -1 -1 
177 24 417 108 468 236 -1 -1 -1 -1 
177 29 395 152 410 194 -1 -1 -1 -1 
178 1 516 150 533 189 -1 -1 -1 -1 
178 3 612 144 638 218 -1 -1 -1 -1 
178 7 230 150 249 197 -1 -1 -1 -1 
178 8 264 145 286 195 -1 -1 -1 -1 
178 9 536 148 562 204 -1 -1 -1 -1 
178 10 288 148 304 193 -1 -1 -1 -1 
178 11 458 122 496 233 -1 -1 -1 -1 
178 12 122 153 137 191 -1 -1 -1 -1 
178 13 359 143 376 197 -1 -1 -1 -1 
178 14 481 135 506 203 -1 -1 -1 -1 
178 22 345 144 365 200 -1 -1 -1 -1 
178 23 369 145 386 197 -1 -1 -1 -1 
178 24 415 109 466 236 -1 -1 -1 -1 
178 29 395 152 410 194 -1 -1 -1 -1 
179 1 515 151 534 196 -1 -1 -1 -1 
179 3 614 146 637 212 -1 -1 -1 -1 
179 7 231 150 250 197 -1 -1 -1 -1 
179 8 264 145 286 195 -1 -1 -1 -1 
179 9 536 148 561 204 -1 -1 -1 -1 
179 10 288 148 304 193 -1 -1 -1 -1 
179 11 461 122 499 233 -1 -1 -1 -1 
179 12 122 153 136 190 -1 -1 -1 -1 
179 13 363 143 380 198 -1 -1 -1 -1 
179 16 142 156 154 185 -1 -1 -1 -1 
179 22 347 144 366 199 -1 -1 -1 -1 
179 23 369 145 386 197 -1 -1 -1 -1 
179 24 414 110 464 238 -1 -1 -1 -1 
179 25 192 155 200 178 -1 -1 -1 -1 
179 29 395 152 410 194 -1 -1 -1 -1 
180 1 514 151 534 198 -1 -1 -1 -1 
180 3 613 146 637 213 -1 -1 -1 -1 
180 7 233 149 252 197 -1 -1 -1 -1 
180 8 265 145 286 195 -1 -1 -1 -1 
180 9 533 148 559 205 -1 -1 -1 -1 
180 10 287 147 304 193 -1 -1 -1 -1 
180 11 462 123 500 233 -1 -1 -1 -1 
180 12 122 154 136 190 -1 -1 -1 -1 
180 13 364 143 381 198 -1 -1 -1 -1 
180 16 142 156 153 185 -1 -1 -1 -1 
180 22 348 144 368 199 -1 -1 -1 -1 
180 24 411 111 462 239 -1 -1 -1 -1 
180 25 191 155 199 177 -1 -1 -1 -1 
180 29 395 152 409 194 -1 -1 -1 -1 
180 32 131 154 144 191 -1 -1 -1 -1 
181 1 513 150 533 198 -1 -1 -1 -1 
181 3 613 147 637 212 -1 -1 -1 -1 
181 7 234 150 254 197 -1 -1 -1 -1 
181 8 265 145 286 194 -1 -1 -1 -1 
181 9 530 149 558 207 -1 -1 -1 -1 
181 10 286 146 304 193 -1 -1 -1 -1 
181 11 464 123 503 233 -1 -1 -1 -1 
181 12 121 154 134 188 -1 -1 -1 -1 
181 13 365 143 382 198 -1 -1 -1 -1 
181 16 142 156 154 186 -1 -1 -1 -1 
181 22 349 144 369 198 -1 -1 -1 -1 
181 24 408 112 458 240 -1 -1 -1 -1 
181 25 191 156 199 177 -1 -1 -1 -1 
181 29 395 153 409 195 -1 -1 -1 -1 
181 32 132 154 145 191 -1 -1 -1 -1 
182 1 512 150 533 200 -1 -1 -1 -1 
182 3 611 146 637 212 -1 -1 -1 -1 
182 7 235 151 255 197 -1 -1 -1 -1 
182 8 266 145 286 194 -1 -1 -1 -1 
182 9 529 149 556 208 -1 -1 -1 -1 
182 10 286 146 303 193 -1 -1 -1 -1 
182 11 464 123 504 234 -1 -1 -1 -1 
182 12 122 155 134 188 -1 -1 -1 -1 
182 13 364 142 382 198 -1 -1 -1 -1 
182 16 142 156 154 187 -1 -1 -1 -1 
182 22 350 143 370 198 -1 -1 -1 -1 
182 24 403 112 455 240 -1 -1 -1 -1 
182 25 191 156 199 177 -1 -1 -1 -1 
182 29 395 153 409 195 -1 -1 -1 -1 
182 32 132 154 144 190 -1 -1 -1 -1 
183 1 511 150 533 202 -1 -1 -1 -1 
183 3 610 147 636 213 -1 -1 -1 -1 
183 7 235 151 256 197 -1 -1 -1 -1 
183 8 266 145 286 193 -1 -1 -1 -1 
183 9 528 149 555 207 -1 -1 -1 -1 
183 10 286 146 303 193 -1 -1 -1 -1 
183 11 468 124 508 235 -1 -1 -1 -1 
183 12 122 155 134 186 -1 -1 -1 -1 
183 13 365 142 382 198 -1 -1 -1 -1 
183 16 142 156 154 188 -1 -1 -1 -1 
183 22 351 143 371 200 -1 -1 -1 -1 
183 24 400 112 451 239 -1 -1 -1 -1 
183 25 192 156 199 176 -1 -1 -1 -1 
183 32 132 154 145 190 -1 -1 -1 -1 
184 1 511 150 532 203 -1 -1 -1 -1 
184 3 608 146 634 212 -1 -1 -1 -1 
184 7 235 152 256 198 -1 -1 -1 -1 
184 8 266 144 286 193 -1 -1 -1 -1 
184 9 528 149 554 207 -1 -1 -1 -1 
184 10 285 146 303 193 -1 -1 -1 -1 
184 11 469 124 512 235 -1 -1 -1 -1 
184 12 123 155 134 185 -1 -1 -1 -1 
184 13 366 141 383 198 -1 -1 -1 -1 
184 22 351 142 372 200 -1 -1 -1 -1 
184 24 397 115 447 239 -1 -1 -1 -1 
184 25 192 156 199 176 -1 -1 -1 -1 
184 32 133 154 146 190 -1 -1 -1 -1 
185 1 510 149 531 203 -1 -1 -1 -1 
185 3 606 146 632 213 -1 -1 -1 -1 
185 7 237 154 257 197 -1 -1 -1 -1 
185 8 266 144 286 193 -1 -1 -1 -1 
185 9 528 148 554 207 -1 -1 -1 -1 
185 10 285 145 303 193 -1 -1 -1 -1 
185 11 470 124 513 237 -1 -1 -1 -1 
185 12 124 155 134 182 -1 -1 -1 -1 
185 13 367 141 384 198 -1 -1 -1 -1 
185 22 352 142 373 200 -1 -1 -1 -1 
185 24 396 116 446 238 -1 -1 -1 -1 
185 25 192 156 199 176 -1 -1 -1 -1 
185 32 134 154 146 188 -1 -1 -1 -1 
186 1 509 149 531 204 -1 -1 -1 -1 
186 3 604 146 630 213 -1 -1 -1 -1 
186 7 238 154 258 198 -1 -1 -1 -1 
186 8 266 144 286 193 -1 -1 -1 -1 
186 9 527 148 553 206 -1 -1 -1 -1 
186 10 285 145 303 193 -1 -1 -1 -1 
186 11 471 124 516 239 -1 -1 -1 -1 
186 12 124 153 136 184 -1 -1 -1 -1 
186 22 353 141 374 200 -1 -1 -1 -1 
186 24 395 117 444 238 -1 -1 -1 -1 
186 25 192 156 199 176 -1 -1 -1 -1 
186 32 134 153 146 188 -1 -1 -1 -1 
187 3 602 146 628 212 -1 -1 -1 -1 
187 7 241 153 260 196 -1 -1 -1 -1 
187 8 266 143 286 193 -1 -1 -1 -1 
187 9 527 148 552 206 -1 -1 -1 -1 
187 10 285 146 303 193 -1 -1 -1 -1 
187 11 472 123 518 240 -1 -1 -1 -1 
187 12 124 153 136 185 -1 -1 -1 -1 
187 20 625 154 639 194 -1 -1 -1 -1 
187 22 353 141 375 200 -1 -1 -1 -1 
187 24 393 116 444 238 -1 -1 -1 -1 
187 25 192 156 199 176 -1 -1 -1 -1 
187 32 134 153 146 187 -1 -1 -1 -1 
188 3 600 145 626 212 -1 -1 -1 -1 
188 7 243 153 262 196 -1 -1 -1 -1 
188 8 265 143 286 193 -1 -1 -1 -1 
188 9 525 149 550 206 -1 -1 -1 -1 
188 10 285 147 302 193 -1 -1 -1 -1 
188 11 473 123 520 241 -1 -1 -1 -1 
188 12 125 153 137 185 -1 -1 -1 -1 
188 13 370 141 388 198 -1 -1 -1 -1 
188 20 625 153 639 194 -1 -1 -1 -1 
188 22 354 140 376 201 -1 -1 -1 -1 
188 24 392 116 443 238 -1 -1 -1 -1 
188 25 192 156 199 176 -1 -1 -1 -1 
188 32 134 152 147 186 -1 -1 -1 -1 
189 3 598 145 624 212 -1 -1 -1 -1 
189 7 244 152 263 196 -1 -1 -1 -1 
189 8 266 143 286 193 -1 -1 -1 -1 
189 9 524 149 548 205 -1 -1 -1 -1 
189 10 285 147 302 193 -1 -1 -1 -1 
189 11 473 121 522 243 -1 -1 -1 -1 
189 12 125 153 137 185 -1 -1 -1 -1 
189 13 372 140 389 199 -1 -1 -1 -1 
189 14 540 149 561 208 -1 -1 -1 -1 
189 19 447 154 469 205 -1 -1 -1 -1 
189 22 354 140 377 202 -1 -1 -1 -1 
189 24 388 116 439 237 -1 -1 -1 -1 
189 25 191 156 199 177 -1 -1 -1 -1 
189 32 135 152 147 186 -1 -1 -1 -1 
190 3 594 144 622 212 -1 -1 -1 -1 
190 7 245 152 264 196 -1 -1 -1 -1 
190 8 266 144 286 193 -1 -1 -1 -1 
190 9 523 148 547 203 -1 -1 -1 -1 
190 10 286 147 302 193 -1 -1 -1 -1 
190 11 475 120 524 244 -1 -1 -1 -1 
190 12 126 154 137 184 -1 -1 -1 -1 
190 13 372 140 390 199 -1 -1 -1 -1 
190 14 545 149 564 203 -1 -1 -1 -1 
190 19 447 155 468 205 -1 -1 -1 -1 
190 22 354 140 377 202 -1 -1 -1 -1 
190 24 386 118 434 233 -1 -1 -1 -1 
190 25 191 156 200 177 -1 -1 -1 -1 
190 32 135 152 147 185 -1 -1 -1 -1 
191 3 592 144 620 212 -1 -1 -1 -1 
191 7 246 152 265 196 -1 -1 -1 -1 
191 8 265 144 285 194 -1 -1 -1 -1 
191 9 522 148 545 201 -1 -1 -1 -1 
191 10 286 149 302 192 -1 -1 -1 -1 
191 11 478 120 526 242 -1 -1 -1 -1 
191 12 126 154 136 183 -1 -1 -1 -1 
191 14 546 149 566 202 -1 -1 -1 -1 
191 22 356 142 378 203 -1 -1 -1 -1 
191 24 385 122 431 230 -1 -1 -1 -1 
191 25 191 156 199 177 -1 -1 -1 -1 
191 32 135 152 147 185 -1 -1 -1 -1 
192 3 589 143 619 212 -1 -1 -1 -1 
192 7 248 152 266 195 -1 -1 -1 -1 
192 8 266 144 285 194 -1 -1 -1 -1 
192 9 522 148 544 201 -1 -1 -1 -1 
192 10 286 149 302 192 -1 -1 -1 -1 
192 11 480 119 528 242 -1 -1 -1 -1 
192 12 126 154 136 183 -1 -1 -1 -1 
192 14 546 149 568 206 -1 -1 -1 -1 
192 19 445 155 465 201 -1 -1 -1 -1 
192 22 357 142 379 202 -1 -1 -1 -1 
192 24 383 121 428 229 -1 -1 -1 -1 
192 32 137 152 149 186 -1 -1 -1 -1 
193 3 588 143 619 213 -1 -1 -1 -1 
193 6 334 159 341 186 -1 -1 -1 -1 
193 7 249 151 267 195 -1 -1 -1 -1 
193 8 266 145 285 193 -1 -1 -1 -1 
193 9 522 147 544 199 -1 -1 -1 -1 
193 10 286 150 302 192 -1 -1 -1 -1 
193 11 482 119 530 242 -1 -1 -1 -1 
193 12 126 155 137 183 -1 -1 -1 -1 
193 14 547 150 569 206 -1 -1 -1 -1 
193 19 444 153 465 201 -1 -1 -1 -1 
193 22 357 141 380 202 -1 -1 -1 -1 
193 24 380 120 426 231 -1 -1 -1 -1 
193 32 138 152 150 188 -1 -1 -1 -1 
194 1 466 144 488 200 -1 -1 -1 -1 
194 3 587 144 618 213 -1 -1 -1 -1 
194 6 334 159 342 185 -1 -1 -1 -1 
194 7 249 149 268 194 -1 -1 -1 -1 
194 8 266 146 285 193 -1 -1 -1 -1 
194 9 524 148 542 191 -1 -1 -1 -1 
194 10 285 150 301 191 -1 -1 -1 -1 
194 11 485 118 532 242 -1 -1 -1 -1 
194 12 126 155 137 182 -1 -1 -1 -1 
194 14 548 150 570 206 -1 -1 -1 -1 
194 19 443 152 465 200 -1 -1 -1 -1 
194 22 358 141 381 202 -1 -1 -1 -1 
194 24 378 118 424 232 -1 -1 -1 -1 
194 32 138 152 151 188 -1 -1 -1 -1 
195 1 464 143 486 198 -1 -1 -1 -1 
195 3 586 144 618 214 -1 -1 -1 -1 
195 6 334 159 343 184 -1 -1 -1 -1 
195 7 250 150 268 194 -1 -1 -1 -1 
195 8 267 147 284 192 -1 -1 -1 -1 
195 9 524 148 541 190 -1 -1 -1 -1 
195 10 285 150 301 191 -1 -1 -1 -1 
195 11 488 118 536 243 -1 -1 -1 -1 
195 12 126 155 137 182 -1 -1 -1 -1 
195 14 549 150 572 206 -1 -1 -1 -1 
195 19 443 152 464 200 -1 -1 -1 -1 
195 22 357 141 381 203 -1 -1 -1 -1 
195 24 376 118 423 233 -1 -1 -1 -1 
195 32 138 152 151 188 -1 -1 -1 -1 
196 1 462 142 484 200 -1 -1 -1 -1 
196 3 584 144 617 215 -1 -1 -1 -1 
196 6 334 159 343 184 -1 -1 -1 -1 
196 7 252 152 269 194 -1 -1 -1 -1 
196 8 267 147 284 192 -1 -1 -1 -1 
196 10 285 149 301 191 -1 -1 -1 -1 
196 11 491 118 538 243 -1 -1 -1 -1 
196 12 126 155 137 182 -1 -1 -1 -1 
196 14 549 150 574 209 -1 -1 -1 -1 
196 19 443 151 465 201 -1 -1 -1 -1 
196 22 358 140 382 203 -1 -1 -1 -1 
196 24 375 117 421 233 -1 -1 -1 -1 
196 32 138 151 151 187 -1 -1 -1 -1 
197 1 461 142 482 200 -1 -1 -1 -1 
197 3 583 145 616 215 -1 -1 -1 -1 
197 6 334 159 343 184 -1 -1 -1 -1 
197 7 253 152 270 195 -1 -1 -1 -1 
197 8 267 148 284 192 -1 -1 -1 -1 
197 10 285 149 301 191 -1 -1 -1 -1 
197 11 494 117 541 244 -1 -1 -1 -1 
197 12 127 155 137 182 -1 -1 -1 -1 
197 14 549 150 575 211 -1 -1 -1 -1 
197 19 443 151 464 201 -1 -1 -1 -1 
197 20 620 154 638 195 -1 -1 -1 -1 
197 22 359 140 383 203 -1 -1 -1 -1 
197 24 374 117 419 233 -1 -1 -1 -1 
197 32 138 150 151 187 -1 -1 -1 -1 
198 1 460 142 482 200 -1 -1 -1 -1 
198 3 582 146 614 214 -1 -1 -1 -1 
198 6 334 160 343 184 -1 -1 -1 -1 
198 7 253 152 272 196 -1 -1 -1 -1 
198 8 267 148 284 193 -1 -1 -1 -1 
198 10 285 149 301 190 -1 -1 -1 -1 
198 11 497 117 545 244 -1 -1 -1 -1 
198 12 127 155 137 182 -1 -1 -1 -1 
198 14 550 150 577 211 -1 -1 -1 -1 
198 19 443 153 463 200 -1 -1 -1 -1 
198 20 620 154 638 195 -1 -1 -1 -1 
198 22 360 140 383 202 -1 -1 -1 -1 
198 24 373 118 417 233 -1 -1 -1 -1 
198 32 138 149 152 187 -1 -1 -1 -1 
199 1 460 142 481 200 -1 -1 -1 -1 
199 3 580 146 612 214 -1 -1 -1 -1 
199 6 334 160 343 184 -1 -1 -1 -1 
199 7 255 153 273 196 -1 -1 -1 -1 
199 8 267 148 284 193 -1 -1 -1 -1 
199 10 285 149 300 190 -1 -1 -1 -1 
199 11 503 116 553 245 -1 -1 -1 -1 
199 12 127 156 137 182 -1 -1 -1 -1 
199 14 552 150 579 210 -1 -1 -1 -1 
199 19 441 153 462 199 -1 -1 -1 -1 
199 22 361 143 383 200 -1 -1 -1 -1 
199 24 371 120 414 233 -1 -1 -1 -1 
199 32 138 149 152 187 -1 -1 -1 -1 
200 1 459 142 480 200 -1 -1 -1 -1 
200 3 577 147 610 213 -1 -1 -1 -1 
200 6 334 160 342 184 -1 -1 -1 -1 
200 7 256 153 274 196 -1 -1 -1 -1 
200 8 267 149 283 192 -1 -1 -1 -1 
200 10 285 149 300 189 -1 -1 -1 -1 
200 11 505 115 559 246 -1 -1 -1 -1 
200 12 127 156 137 182 -1 -1 -1 -1 
200 14 554 150 581 211 -1 -1 -1 -1 
200 19 439 152 461 199 -1 -1 -1 -1 
200 22 360 145 381 201 -1 -1 -1 -1 
200 24 370 121 413 235 -1 -1 -1 -1 
200 32 138 148 153 188 -1 -1 -1 -1 
201 1 459 143 480 200 -1 -1 -1 -1 
201 3 574 147 604 211 -1 -1 -1 -1 
201 6 334 160 342 184 -1 -1 -1 -1 
201 7 258 152 276 194 -1 -1 -1 -1 
201 8 267 150 282 192 -1 -1 -1 -1 
201 10 285 149 300 189 -1 -1 -1 -1 
201 11 507 116 563 246 -1 -1 -1 -1 
201 12 127 156 137 182 -1 -1 -1 -1 
201 19 437 152 460 199 -1 -1 -1 -1 
201 22 360 147 380 201 -1 -1 -1 -1 
201 24 370 122 411 233 -1 -1 -1 -1 
201 32 138 148 154 188 -1 -1 -1 -1 
202 1 459 144 480 200 -1 -1 -1 -1 
202 3 572 147 602 211 -1 -1 -1 -1 
202 6 333 160 342 184 -1 -1 -1 -1 
202 7 259 152 276 194 -1 -1 -1 -1 
202 8 267 150 282 191 -1 -1 -1 -1 
202 10 284 150 299 189 -1 -1 -1 -1 
202 11 508 116 566 247 -1 -1 -1 -1 
202 12 127 156 137 182 -1 -1 -1 -1 
202 19 436 152 460 199 -1 -1 -1 -1 
202 22 359 147 379 201 -1 -1 -1 -1 
202 24 368 123 409 231 -1 -1 -1 -1 
202 32 138 147 154 188 -1 -1 -1 -1 
203 1 458 144 479 200 -1 -1 -1 -1 
203 3 571 147 600 210 -1 -1 -1 -1 
203 6 333 160 342 185 -1 -1 -1 -1 
203 7 258 150 275 191 -1 -1 -1 -1 
203 8 268 151 282 191 -1 -1 -1 -1 
203 10 284 150 299 189 -1 -1 -1 -1 
203 11 508 117 568 248 -1 -1 -1 -1 
203 12 128 156 137 181 -1 -1 -1 -1 
203 19 436 152 459 199 -1 -1 -1 -1 
203 22 359 147 378 202 -1 -1 -1 -1 
203 24 368 123 408 231 -1 -1 -1 -1 
203 32 138 147 154 189 -1 -1 -1 -1 
204 1 458 145 479 200 -1 -1 -1 -1 
204 3 566 146 595 211 -1 -1 -1 -1 
204 6 333 160 342 185 -1 -1 -1 -1 
204 7 259 150 276 191 -1 -1 -1 -1 
204 8 268 151 282 190 -1 -1 -1 -1 
204 10 284 151 299 190 -1 -1 -1 -1 
204 11 508 117 571 250 -1 -1 -1 -1 
204 12 128 156 137 181 -1 -1 -1 -1 
204 19 436 151 460 199 -1 -1 -1 -1 
204 22 359 148 378 202 -1 -1 -1 -1 
204 24 367 123 406 227 -1 -1 -1 -1 
204 32 139 148 154 189 -1 -1 -1 -1 
205 1 456 145 477 200 -1 -1 -1 -1 
205 3 564 146 593 211 -1 -1 -1 -1 
205 6 333 160 342 185 -1 -1 -1 -1 
205 7 259 150 276 191 -1 -1 -1 -1 
205 10 284 151 299 190 -1 -1 -1 -1 
205 11 508 116 574 252 -1 -1 -1 -1 
205 12 128 156 137 182 -1 -1 -1 -1 
205 19 435 150 460 201 -1 -1 -1 -1 
205 22 359 151 375 197 -1 -1 -1 -1 
205 24 367 123 405 224 -1 -1 -1 -1 
205 32 139 148 155 189 -1 -1 -1 -1 
206 1 454 145 476 201 -1 -1 -1 -1 
206 6 333 160 343 185 -1 -1 -1 -1 
206 7 259 150 276 191 -1 -1 -1 -1 
206 9 492 158 508 195 -1 -1 -1 -1 
206 10 284 151 298 190 -1 -1 -1 -1 
206 11 509 115 576 253 -1 -1 -1 -1 
206 12 128 156 137 182 -1 -1 -1 -1 
206 19 434 150 458 200 -1 -1 -1 -1 
206 22 359 152 374 194 -1 -1 -1 -1 
206 24 367 124 404 224 -1 -1 -1 -1 
206 25 189 152 203 190 -1 -1 -1 -1 
206 29 470 153 486 198 -1 -1 -1 -1 
206 32 140 148 155 189 -1 -1 -1 -1 
207 1 454 145 475 201 -1 -1 -1 -1 
207 3 563 146 593 212 -1 -1 -1 -1 
207 6 333 160 343 186 -1 -1 -1 -1 
207 7 259 151 276 192 -1 -1 -1 -1 
207 9 491 159 507 197 -1 -1 -1 -1 
207 10 284 151 298 189 -1 -1 -1 -1 
207 11 511 115 578 252 -1 -1 -1 -1 
207 12 128 156 138 182 -1 -1 -1 -1 
207 19 433 151 457 199 -1 -1 -1 -1 
207 22 359 152 373 194 -1 -1 -1 -1 
207 24 365 124 400 220 -1 -1 -1 -1 
207 25 190 151 202 191 -1 -1 -1 -1 
207 29 474 156 487 195 -1 -1 -1 -1 
207 32 140 148 156 189 -1 -1 -1 -1 
208 1 453 145 473 199 -1 -1 -1 -1 
208 3 562 146 591 212 -1 -1 -1 -1 
208 6 333 159 343 186 -1 -1 -1 -1 
208 7 260 151 277 192 -1 -1 -1 -1 
208 9 490 160 506 198 -1 -1 -1 -1 
208 10 284 151 299 191 -1 -1 -1 -1 
208 11 518 114 584 252 -1 -1 -1 -1 
208 12 128 156 138 181 -1 -1 -1 -1 
208 13 392 138 409 199 -1 -1 -1 -1 
208 19 432 151 456 199 -1 -1 -1 -1 
208 24 364 124 397 214 -1 -1 -1 -1 
208 25 190 151 202 191 -1 -1 -1 -1 
208 29 475 158 488 193 -1 -1 -1 -1 
208 32 141 149 156 189 -1 -1 -1 -1 
209 1 452 145 472 199 -1 -1 -1 -1 
209 6 333 159 343 186 -1 -1 -1 -1 
209 7 261 152 277 193 -1 -1 -1 -1 
209 9 489 160 505 196 -1 -1 -1 -1 
209 10 284 152 298 191 -1 -1 -1 -1 
209 11 522 113 588 252 -1 -1 -1 -1 
209 12 129 156 139 181 -1 -1 -1 -1 
209 13 391 137 409 201 -1 -1 -1 -1 
209 19 432 151 455 199 -1 -1 -1 -1 
209 24 361 125 396 220 -1 -1 -1 -1 
209 25 190 151 202 191 -1 -1 -1 -1 
209 29 476 158 488 192 -1 -1 -1 -1 
209 32 141 148 156 189 -1 -1 -1 -1 
210 1 450 145 470 200 -1 -1 -1 -1 
210 6 333 159 343 186 -1 -1 -1 -1 
210 7 262 153 278 193 -1 -1 -1 -1 
210 9 487 160 503 196 -1 -1 -1 -1 
210 10 283 152 298 191 -1 -1 -1 -1 
210 11 525 112 592 254 -1 -1 -1 -1 
210 12 129 156 139 181 -1 -1 -1 -1 
210 13 390 137 410 203 -1 -1 -1 -1 
210 19 431 151 454 199 -1 -1 -1 -1 
210 20 625 155 639 195 -1 -1 -1 -1 
210 24 360 125 395 221 -1 -1 -1 -1 
210 25 191 151 202 192 -1 -1 -1 -1 
210 29 476 158 488 190 -1 -1 -1 -1 
210 32 141 148 157 189 -1 -1 -1 -1 
210 36 508 150 533 204 -1 -1 -1 -1 
211 1 450 145 470 199 -1 -1 -1 -1 
211 6 333 159 343 186 -1 -1 -1 -1 
211 7 264 155 280 193 -1 -1 -1 -1 
211 10 283 153 297 192 -1 -1 -1 -1 
211 11 528 111 594 254 -1 -1 -1 -1 
211 12 128 156 138 181 -1 -1 -1 -1 
211 13 390 136 410 205 -1 -1 -1 -1 
211 19 430 150 453 199 -1 -1 -1 -1 
211 20 626 155 639 194 -1 -1 -1 -1 
211 24 358 124 394 222 -1 -1 -1 -1 
211 25 190 151 202 192 -1 -1 -1 -1 
211 29 477 159 488 189 -1 -1 -1 -1 
211 32 142 148 158 189 -1 -1 -1 -1 
211 36 508 150 532 203 -1 -1 -1 -1 
212 1 449 145 469 199 -1 -1 -1 -1 
212 6 333 159 343 186 -1 -1 -1 -1 
212 7 264 155 280 194 -1 -1 -1 -1 
212 10 284 155 297 192 -1 -1 -1 -1 
212 11 530 109 596 255 -1 -1 -1 -1 
212 12 128 156 138 181 -1 -1 -1 -1 
212 13 390 136 412 207 -1 -1 -1 -1 
212 19 430 150 453 199 -1 -1 -1 -1 
212 20 626 154 639 194 -1 -1 -1 -1 
212 24 358 124 393 222 -1 -1 -1 -1 
212 29 477 158 489 191 -1 -1 -1 -1 
212 32 143 149 157 188 -1 -1 -1 -1 
212 36 508 149 531 200 -1 -1 -1 -1 
213 1 448 144 468 198 -1 -1 -1 -1 
213 6 333 159 344 186 -1 -1 -1 -1 
213 7 264 153 281 194 -1 -1 -1 -1 
213 9 486 160 502 195 -1 -1 -1 -1 
213 10 284 154 297 192 -1 -1 -1 -1 
213 11 533 109 599 256 -1 -1 -1 -1 
213 12 128 156 137 181 -1 -1 -1 -1 
213 13 390 135 412 208 -1 -1 -1 -1 
213 19 429 149 452 199 -1 -1 -1 -1 
213 20 626 154 639 194 -1 -1 -1 -1 
213 24 355 125 391 223 -1 -1 -1 -1 
213 29 477 157 489 190 -1 -1 -1 -1 
213 32 143 149 158 188 -1 -1 -1 -1 
213 36 507 149 529 198 -1 -1 -1 -1 
214 1 447 144 467 198 -1 -1 -1 -1 
214 6 333 159 344 186 -1 -1 -1 -1 
214 7 265 153 281 195 -1 -1 -1 -1 
214 9 485 159 501 195 -1 -1 -1 -1 
214 10 283 152 297 191 -1 -1 -1 -1 
214 11 537 108 603 258 -1 -1 -1 -1 
214 12 128 156 138 181 -1 -1 -1 -1 
214 13 390 134 412 209 -1 -1 -1 -1 
214 19 429 149 452 199 -1 -1 -1 -1 
214 20 627 154 639 194 -1 -1 -1 -1 
214 24 353 126 388 223 -1 -1 -1 -1 
214 29 477 157 489 190 -1 -1 -1 -1 
214 32 143 149 158 188 -1 -1 -1 -1 
214 36 507 149 529 198 -1 -1 -1 -1 
215 1 447 144 467 198 -1 -1 -1 -1 
215 6 333 159 344 186 -1 -1 -1 -1 
215 7 265 153 281 195 -1 -1 -1 -1 
215 9 484 159 500 194 -1 -1 -1 -1 
215 10 282 152 297 191 -1 -1 -1 -1 
215 11 540 107 606 260 -1 -1 -1 -1 
215 12 128 156 138 181 -1 -1 -1 -1 
215 13 387 135 409 207 -1 -1 -1 -1 
215 19 428 151 450 198 -1 -1 -1 -1 
215 20 627 153 639 194 -1 -1 -1 -1 
215 24 352 127 387 222 -1 -1 -1 -1 
215 29 479 157 490 190 -1 -1 -1 -1 
215 32 143 148 158 188 -1 -1 -1 -1 
215 36 506 149 528 200 -1 -1 -1 -1 
216 1 446 145 466 198 -1 -1 -1 -1 
216 6 333 159 344 186 -1 -1 -1 -1 
216 7 264 152 281 194 -1 -1 -1 -1 
216 9 482 159 498 194 -1 -1 -1 -1 
216 10 283 153 296 190 -1 -1 -1 -1 
216 11 542 107 608 261 -1 -1 -1 -1 
216 12 129 156 138 181 -1 -1 -1 -1 
216 13 386 135 407 205 -1 -1 -1 -1 
216 16 136 156 145 182 -1 -1 -1 -1 
216 19 427 151 448 198 -1 -1 -1 -1 
216 20 628 153 639 194 -1 -1 -1 -1 
216 24 351 127 386 222 -1 -1 -1 -1 
216 32 144 148 158 187 -1 -1 -1 -1 
216 36 505 149 528 201 -1 -1 -1 -1 
217 1 446 145 465 199 -1 -1 -1 -1 
217 6 333 158 344 186 -1 -1 -1 -1 
217 7 264 151 281 194 -1 -1 -1 -1 
217 9 481 159 498 194 -1 -1 -1 -1 
217 10 284 153 297 190 -1 -1 -1 -1 
217 11 549 107 615 259 -1 -1 -1 -1 
217 12 129 156 138 180 -1 -1 -1 -1 
217 13 385 135 407 206 -1 -1 -1 -1 
217 16 136 155 145 181 -1 -1 -1 -1 
217 19 427 152 448 198 -1 -1 -1 -1 
217 24 350 127 385 222 -1 -1 -1 -1 
217 32 144 148 158 187 -1 -1 -1 -1 
217 36 505 150 527 201 -1 -1 -1 -1 
